<class 'numpy.float16'>
accuracy: 0.8742667686814588
123/123 [==============================] - 9s 69ms/step - loss: 51.2123 - accuracy: 0.8743
Test accuracy: 0.874, test loss: 51.212
Classification report: 
              precision    recall  f1-score   support

           0     0.9500    0.9048    0.9268        21
           1     0.6607    1.0000    0.7957       222
           2     0.7895    0.9333    0.8554       225
           3     0.9383    0.5390    0.6847       141
           4     0.9939    0.8283    0.9036       198
           5     0.8245    0.8333    0.8289       186
           6     1.0000    0.6905    0.8169        42
           7     0.6878    0.9028    0.7808       144
           8     0.9167    0.3121    0.4656       141
           9     0.9470    0.9728    0.9597       147
          10     0.9846    0.9552    0.9697       201
          11     0.8978    0.9318    0.9145       132
          12     1.0000    0.9857    0.9928       210
          13     0.9806    0.9352    0.9573       216
          14     1.0000    1.0000    1.0000        78
          15     0.9365    0.9365    0.9365        63
          16     0.8750    1.0000    0.9333        42
          17     1.0000    1.0000    1.0000       111
          18     0.7338    0.9417    0.8248       120
          19     0.5625    0.8571    0.6792        21
          20     0.8750    0.1944    0.3182        36
          21     0.7021    1.0000    0.8250        33
          22     1.0000    0.9231    0.9600        39
          23     0.8654    0.8824    0.8738        51
          24     0.5952    0.9259    0.7246        27
          25     0.9571    0.8933    0.9241       150
          26     1.0000    0.2833    0.4416        60
          27     0.7917    0.7917    0.7917        24
          28     0.8929    0.9259    0.9091        54
          29     0.8571    0.8889    0.8727        27
          30     0.8571    0.8000    0.8276        45
          31     0.9851    0.8462    0.9103        78
          32     0.6957    0.6667    0.6809        24
          33     0.9545    0.9130    0.9333        69
          34     0.9111    0.9762    0.9425        42
          35     0.9752    0.9833    0.9793       120
          36     0.8750    0.8974    0.8861        39
          37     0.9091    0.9524    0.9302        21
          38     0.9132    0.9662    0.9390       207
          39     0.9600    0.8000    0.8727        30
          40     0.8333    0.9722    0.8974        36
          41     0.7667    0.9583    0.8519        24
          42     0.9600    1.0000    0.9796        24

    accuracy                         0.8743      3921
   macro avg     0.8793    0.8582    0.8488      3921
weighted avg     0.8933    0.8743    0.8664      3921


Process finished with exit code 0